%esercizio 1
a = 1.12, b =2.34 ,

a =

    1.1200


b =

    2.3400

c = 0.72 , d = 0.81, e = 3, f = 19.83, g = 20

c =

    0.7200


d =

    0.8100


e =

     3


f =

   19.8300


g =

    20

%risultati in format short
format short
x = 1 + (a/b) + (c/(f^2))

x =

    1.4805

x = 1 + (a/b) + (c/f^2)

x =

    1.4805

x = 1 + a/b + c/f^2

x =

    1.4805

s = (b-a) / (d-c)

s =

   13.5556

z = (1 - 1/exp(5))^(-1)

z =

    1.0068

r = a / (1/a + 1/b + 1/c + 1/d)

r =

    0.2840

y = a*b*1/c*f^2/2

y =

  715.6766

a*b*(1/c)*((f^2)/2)

ans =

  715.6766

t = 7*g^(1/3) + 4*g^0.58

t =

   41.7340

%format long
format long
t = 7*g^(1/3) + 4*g^0.58

t =

  41.733956653314806

y = a*b*1/c*f^2/2

y =

     7.156765979999999e+02

r = a / (1/a + 1/b + 1/c + 1/d)

r =

   0.283999827993980

z = (1 - 1/exp(5))^(-1)

z =

   1.006783654906304

s = (b-a) / (d-c)

s =

  13.555555555555541

x = 1 + a/b + c/f^2

x =

   1.480463473251643

clc
clear
%esercizio 2

%a = 2y+(((3+1)9)

a = 2*y + 9*(3+1)
{Unrecognized function or variable 'y'.
} 
a = 1.12, b =2.34 ,

a =

   1.120000000000000


b =

   2.340000000000000

c = 0.72 , d = 0.81, e = 3, f = 19.83, g = 20

c =

   0.720000000000000


d =

   0.810000000000000


e =

     3


f =

  19.829999999999998


g =

    20

t = 7*g^(1/3) + 4*g^0.58

t =

  41.733956653314806

y = a*b*1/c*f^2/2

y =

     7.156765979999999e+02

r = a / (1/a + 1/b + 1/c + 1/d)

r =

   0.283999827993980

z = (1 - 1/exp(5))^(-1)

z =

   1.006783654906304

s = (b-a) / (d-c)

s =

  13.555555555555541

x = 1 + a/b + c/f^2

x =

   1.480463473251643

clc
%esercizio 2

%a = 2y(((3+1)9)

a = 2*y + 9(3+1)
 a = 2*y + 9(3+1)
            ↑
{Invalid expression. When calling a function or indexing a
variable, use parentheses. Otherwise, check for mismatched
delimiters.
} 
a = 2*y + 9*(3+1)

a =

     1.467353196000000e+03

%b == 2*sin[3]}

b == 2*sin[3]}
 b == 2*sin[3]}
           ↑
{Invalid expression. When calling a function or indexing a
variable, use parentheses. Otherwise, check for mismatched
delimiters.
} 
b == 2*sin(3)

ans =

  <a href="matlab:helpPopup logical" style="font-weight:bold">logical</a>

   0

b = 2*sin(3)

b =

   0.282240016119734

%c = e^0.5
c = e^0.5

c =

   1.732050807568877

c = expo(1/2)
{Unrecognized function or variable 'expo'.
} 
c = exp(1/2)

c =

   1.648721270700128

c = e^(1/2)

c =

   1.732050807568877

e

e =

     3

exp(1)

ans =

   2.718281828459045

%diverso perchè ho una variabile e
clear e
c = e^0.5
{Unrecognized function or variable 'e'.
} 
c = exp(1/2)

c =

   1.648721270700128

e
{Unrecognized function or variable 'e'.
} 
%d=log(4-8/4*2)
ù
 ù
 ↑
{Error: Invalid text character. Check for unsupported symbol,
invisible character, or pasting of non-ASCII characters.
} 
d=log(4-8/4*2)

d =

  -Inf

d=log((4-8)/(4*2))

d =

 -0.693147180559945 + 3.141592653589793i

log help
{Check for incorrect argument data type or missing argument
in call to function 'log'.
} 
help log
 <strong>log</strong>    Natural logarithm.
    <strong>log</strong>(X) is the natural logarithm of the elements of X.
    Complex results are produced if X is not positive.
 
    See also <a href="matlab:help log1p -displayBanner">log1p</a>, <a href="matlab:help log2 -displayBanner">log2</a>, <a href="matlab:help log10 -displayBanner">log10</a>, <a href="matlab:help exp -displayBanner">exp</a>, <a href="matlab:help logm -displayBanner">logm</a>, <a href="matlab:help reallog -displayBanner">reallog</a>.

    <a href="matlab:doc log">Documentation for log</a>
    <a href="matlab:matlab.internal.language.introspective.overloads.displayOverloads('log')">Other functions named log</a>

d = log(4 - 8/(4*2))

d =

   1.098612288668110

clear
clc
%esercizio 4

x = [1:10]

x =

     1     2     3     4     5     6     7     8     9    10

y = [10:-1:1;]

y =

    10     9     8     7     6     5     4     3     2     1

y = x'

y =

     1
     2
     3
     4
     5
     6
     7
     8
     9
    10

y = '[10:-1:1]
 y = '[10:-1:1]
     ↑
{Error: Character vector is not terminated properly.
} 
y = [10:-1:1]

y =

    10     9     8     7     6     5     4     3     2     1

y = y'

y =

    10
     9
     8
     7
     6
     5
     4
     3
     2
     1

x.*y

ans =

    10    20    30    40    50    60    70    80    90   100
     9    18    27    36    45    54    63    72    81    90
     8    16    24    32    40    48    56    64    72    80
     7    14    21    28    35    42    49    56    63    70
     6    12    18    24    30    36    42    48    54    60
     5    10    15    20    25    30    35    40    45    50
     4     8    12    16    20    24    28    32    36    40
     3     6     9    12    15    18    21    24    27    30
     2     4     6     8    10    12    14    16    18    20
     1     2     3     4     5     6     7     8     9    10

z = linspace(sen(0),sen(1),11)
{Unrecognized function or variable 'sen'.
} 
z = linspace(sin(0),sin(1),11)

z =

  Columns 1 through 3

                   0   0.084147098480790   0.168294196961579

  Columns 4 through 6

   0.252441295442369   0.336588393923159   0.420735492403948

  Columns 7 through 9

   0.504882590884738   0.589029689365528   0.673176787846317

  Columns 10 through 11

   0.757323886327107   0.841470984807897

%esercizio 4
x = ([1:10])'

x =

     1
     2
     3
     4
     5
     6
     7
     8
     9
    10

y = [10:-1:1]

y =

    10     9     8     7     6     5     4     3     2     1

x.*y

ans =

    10     9     8     7     6     5     4     3     2     1
    20    18    16    14    12    10     8     6     4     2
    30    27    24    21    18    15    12     9     6     3
    40    36    32    28    24    20    16    12     8     4
    50    45    40    35    30    25    20    15    10     5
    60    54    48    42    36    30    24    18    12     6
    70    63    56    49    42    35    28    21    14     7
    80    72    64    56    48    40    32    24    16     8
    90    81    72    63    54    45    36    27    18     9
   100    90    80    70    60    50    40    30    20    10

z = linspace(sin(0),sin(1),11)

z =

  Columns 1 through 3

                   0   0.084147098480790   0.168294196961579

  Columns 4 through 6

   0.252441295442369   0.336588393923159   0.420735492403948

  Columns 7 through 9

   0.504882590884738   0.589029689365528   0.673176787846317

  Columns 10 through 11

   0.757323886327107   0.841470984807897

%esercizio 5
x = [25:3:91]

x =

  Columns 1 through 10

    25    28    31    34    37    40    43    46    49    52

  Columns 11 through 20

    55    58    61    64    67    70    73    76    79    82

  Columns 21 through 23

    85    88    91

x = [25:3:91]'

x =

    25
    28
    31
    34
    37
    40
    43
    46
    49
    52
    55
    58
    61
    64
    67
    70
    73
    76
    79
    82
    85
    88
    91

y = [100:-2:10]

y =

  Columns 1 through 10

   100    98    96    94    92    90    88    86    84    82

  Columns 11 through 20

    80    78    76    74    72    70    68    66    64    62

  Columns 21 through 30

    60    58    56    54    52    50    48    46    44    42

  Columns 31 through 40

    40    38    36    34    32    30    28    26    24    22

  Columns 41 through 46

    20    18    16    14    12    10

z = linspace(-15,-10,33)

z =

  Columns 1 through 3

 -15.000000000000000 -14.843750000000000 -14.687500000000000

  Columns 4 through 6

 -14.531250000000000 -14.375000000000000 -14.218750000000000

  Columns 7 through 9

 -14.062500000000000 -13.906250000000000 -13.750000000000000

  Columns 10 through 12

 -13.593750000000000 -13.437500000000000 -13.281250000000000

  Columns 13 through 15

 -13.125000000000000 -12.968750000000000 -12.812500000000000

  Columns 16 through 18

 -12.656250000000000 -12.500000000000000 -12.343750000000000

  Columns 19 through 21

 -12.187500000000000 -12.031250000000000 -11.875000000000000

