clc
clear
A = [1,2;3,4;1,3]

A =

     1     2
     3     4
     1     3

A(2,1)

ans =

     3

a = [1,2,45,2,6]

a =

     1     2    45     2     6

length(a)

ans =

     5

size(A)

ans =

     3     2

x = [1,2]

x =

     1     2

y = [3,4]

y =

     3     4

z = [x,y,y]

z =

     1     2     3     4     3     4

B = [x;y]

B =

     1     2
     3     4

C = [x',B;1,2,3]

C =

     1     1     2
     2     3     4
     1     2     3

